30968316
30963790
30963251
30962870
30962739
30958540
30954995
30953956
30953002
30945897
30945833
30945452
30945092
30937904
30936767
30933046
30929742
30928199
30927234
30926797
30923367
30923348
30918308
30913170
30912315
30911979
30911036
30910646
30909440
30906274
30905341
30903683
30902873
30902578
30902390
30901081
30899214
30896913
30895906
30895189
30894343
30888552
30888095
30885608
30883046
30881383
30881319
30879638
30879259
30877790
30875608
30875393
30873001
30871970
30868114
30867896
30866944
30864058
30862493
30853973
30851309
30850887
30848406
30848064
30843029
30842726
30840899
30838929
30838190
30836323
30835524
30833910
30831192
30828795
30828405
30827496
30815537
30823540
30821823
30820726
30819258
30815772
30814928
30814664
30813884
30813294
30809123
30808755
21882399
30802364
30800064
30800045
30800042
30797980
30797934
30793304
30793011
30789431
30789692
30784587
30783900
30779956
30776275
30776273
30775046
30773728
30771457
30771131
30769834
30768399
30767844
30763769
30763456
30760742
30753733
30747460
30747367
30743178
30739909
30738016
30733689
30733660
30733659
30732986
30732858
30732217
30730842
30726535
30724859
30723320
30717399
30711915
30711802
30706369
30706149
30702837
30701077
30700644
30698656
30698067
30696942
30691036
30686771
30686625
30685520
30684669
30683131
30681666
30681431
30679821
30679813
30679692
30679581
30677308
30677142
30675382
30673911
30673834
30670789
30668926
30667396
30666632
30666185
30665341
30664714
30664628
30661751
30659983
30658861
30656892
30655503
30649225
30646131
30638069
30635860
30634066
30631761
30631341
30630042
30628890
30627633
30623622
30618607
30615093
30611007
30608006
30605197
30595372
30593497
30588708
30586385
30583851
30581380
30581209
30581057
30580152
30579692
30576945
30576625
30572772
30570751
30568575
30567853
30563953
30563047
30559954
30559470
30559312
30558862
30555518
30554337
30552741
30552293
30551323
30549495
30549435
30548231
30545000
30542259
30542208
30541864
30540024
30538910
30538724
30538576
30537371
30536215
30531935
30531459
30530134
30529483
30528856
30521819
30518843
30518236
30518170
30508811
30513623
30510521
30500831
30498877
30497279
30487760
30487643
30487494
30485584
30483160
30481567
30478241
30474591
30472483
30468805
30467464
30466056
30460678
30460513
30459645
30459488
30458520
30456826
30455454
30451392
30450772
30450484
30450225
30442188
30439868
30431232
30430320
30427902
30426763
30421974
30421579
30420816
30417082
30414172
30410715
30410025
30405498
30405350
30397616
30397568
30396281
30392629
30388402
30388171
30386112
30385778
30385191
30384107
30382356
30378261
30377732
30377530
30377227
30376831
30376821
30375459
30375316
30372566
30370994
30368827
30368629
30366389
30365357
30364390
30359774
30359747
30357644
30357083
30349861
30349109
30344048
30342608
30340903
30340090
30338591
30335415
30333078
20301534
30325570
30325123
30323604
30320441
30319351
30312897
30311737
30311385
30311377
30302899
30302388
30301738
30298503
30298130
30298034
30296934
30296632
30296546
30295920
30294994
30293641
30293586
30293238
30292077
30291529
30289594
30288694
30284680
30283035
30281617
30279084
30277262
30276662
30275695
30275311
30274655
30273974
30271462
30271320
30270526
30269351
30268909
30268766
30262673
30262571
30258496
30255984
30255982
30249772
30247851
30245378
30242133
30233305
30231625
30230656
30227424
30224866
30224722
30223503
30220990
30218395
30217758
30216695
30213762
30210321
30210288
30208311
30204784
30204590
30201051
30199369
30199368
30198769
30197663
30197517
30195931
30194907
30187843
30186971
30186109
30184295
30178724
30178106
30177578
30176067
30175250
30172774
30171992
30168217
30165910
30165711
30158998
30158855
30157484
30155272
30151782
30151344
30149092
30148849
30147646
30144654
30141793
30140444
30139652
30138136
30137253
30136682
30135642
30133737
30133126
30132892
30127341
30126171
30125565
30124790
30124186
30123852
30120444
30118724
30115809
30113100
30111187
30111184
30107092
30107084
30105880
30105790
30105297
30104728
30104343
30102487
30101573
30100694
30098659
30098658
30097759
30090156
30089840
30089781
30087606
30087289
30084485
30083362
30083093
30080117
30079754
30079598
30078720
30076746
30076271
30075287
30074846
30072871
30066799
30062040
30061744
30061532
30060984
30060894
30059965
30057755
30056576
30055086
30054502
30054448
30054272
30053632
30053424
30051577
30051539
30050611
30048823
30045160
30043352
30043349
30042656
30040859
30040823
30035000
30033880
30032808
30031152
30028556
30026779
30022305
30015273
30015271
30013349
30006148
30005318
30004996
30001398
29998872
29996185
29995933
29995837
29991577
29988399
29984470
29980899
29980131
29976232
29975552
29974939
29969624
29965997
29962935
29961568
29961422
29959045
29958435
29953695
29951184
29949427
29948840
29939236
29938792
29936090
29936018
29936017
29934348
29930110
29929109
29927701
29926292
29926239
29923047
29920689
29915380
29899371
29897170
29896732
29892074
29890507
29887513
29886042
29884724
29884173
29878839
29878067
29875528
29873961
29873017
20301377
29869578
29861106
29859980
29858515
29853627
29852752
29851452
29847785
29846173
29844802
29844171
29808467
29802090
29801922
29801487
29797819
29796988
29795476
29795071
29790814
29789464
29786810
29785777
29783181
29775702
29772935
29772390
29771335
29770430
29766482
29765220
29763350
29756080
29754107
29753921
29753322
29753047
29750287
29744066
29740699
29740563
29738885
29738432
29733443
29732729
29730505
29730431
29729285
29724491
29720545
29719672
29719671
29717186
29713264
29704597
29704315
29701730
29700199
29700085
29697288
29696776
29696528
29693535
29691375
29691040
29682271
29681796
29681085
29680962
29678368
29672338
29671924
29671106
29670509
29665782
29663191
29661901
29661644
29656860
29656859
29656858
29649181
29644586
29641418
22934316
29636221
29632546
29629500
29628935
29628764
29627932
29621484
29617515
29617065
29615849
29610457
29609622
29607791
29607562
29606903
29606902
29605426
29603516
29599705
29593509
29590342
29589274
29588970
29588831
20301707
29584590
29581270
29580901
29564645
29558884
29556724
29556448
29555100
29554876
29554304
29552027
29549876
29545145
29544110
29538366
29537889
29533680
29532458
29528596
29516451
29516450
29516448
29515378
29512044
29511171
29506512
29501372
29500757
29500070
29497597
29496979
29493260
29490614
29490292
29488051
29486296
29486137
29485729
29484850
29484255
29482718
29482387
29479101
29478616
29477873
29475819
29472872
29472612
29461904
29460436
29459374
29456482
29453208
29450820
29449635
29446093
29445682
29445326
29445122
29441694
29441219
29440153
29439585
29429572
29428674
29428363
29427787
29427542
29423971
29417436
29416845
29402632
29402231
29398931
29398929
29396939
29395074
29388433
29388081
29388003
29381230
29380377
29379191
29377611
29377458
29377098
29375310
29375303
29369447
29367178
29367010
29366922
29362445
29361396
29360200
29359444
29358017
29352208
29341497
29340697
29340132
29339535
29339520
29338461
29337050
29334451
29333258
29332185
29327328
29325626
29325223
29322246
29321841
29319190
29318938
29317612
29317220
29316350
29315939
29315614
29311892
29311773
29310907
29305346
29304784
29303800
29298162
29296085
29293472
29293445
29292077
29291670
29291476
29291238
29289793
29286984
29286389
29282644
29281324
29280230
29279889
29277263
29275387
29274743
29274095
29274009
29273344
29271092
29270934
29266505
29265992
29264680
29264391
29264390
29263841
29262854
29257937
29255243
29251763
29250725
29249509
29249338
29249292
29248671
29247310
29241346
29237331
29235982
29234930
29232062
29230307
29230163
29229361
29228394
29227297
29226310
29224188
29222989
29222403
29221905
29221782
29218006
29217836
29217145
29216607
29216234
29214412
29209258
29209020
29208588
29206810
29206688
29205605
29204929
29204811
29203851
29203264
29198722
29197172
29196072
29192378
29190062
29188589
29184203
29183406
29179772
29178513
29178241
29177606
29172231
29168313
29168090
29167286
29164825
29163124
29163043
29162653
29161137
29159888
29159559
29154489
29152164
29150892
29149870
29146047
29145013
29141583
29141250
29141232
29133852
29128904
29128445
29126359
29125721
29119672
29119560
29118110
29116166
29114037
29112858
29109559
29107450
29106525
29105664
29101226
29097980
29097123
29090251
29090079
29088697
29087133
29086765
29084578
29083768
29080033
29076542
29075560
29072583
29072484
29071563
29069906
29069077
29066951
29065375
29062978
29046483
29046268
29045836
29042781
29040751
29040524
29038238
29037337
27656750
29036188
29036014
29034696
29034068
29028946
29028501
29026562
29024219
29021890
29021403
29020723
29016856
29016848
28993732
28993242
28988347
28987970
28984295
28984294
28983852
28982961
28981930
28980151
28978695
28978667
28976054
28974727
28973916
28973667
28973398
28972871
28972453
28971012
28970473
28969983
28969385
28965845
28963809
28963436
28963116
28963042
28960266
28960184
28958749
28957735
28955201
28954837
28953833
28948999
28948974
28946588
28944139
28941213
28941101
28935587
28934990
28934988
28933790
28931944
28931434
28929824
28929296
28929285
28922953
28922833
28918504
28915148
28914729
28913566
28901431
28898924
28895873
28895015
28894999
28894950
28892342
28891213
28888970
28887386
28887224
28884888
28882081
28880353
28876785
28876765
28873806
28866801
28861732
28859574
28859332
28856484
28855130
28851095
28849297
28848387
28847208
28846756
28844152
28839456
28837307
28836311
28835516
28834749
28833964
28829283
28827761
28826631
28826529
28823556
28821007
28819289
28815939
28815171
28814538
28813484
28812966
28808808
28808237
28807762
28805199
28803755
28796471
28796925
28795253
28791958
28788094
28786752
28784397
28784306
28778789
28777481
28775826
28774669
28772121
28764992
28763010
28761347
28758966
28756946
28755358
28755032
28754298
28754226
28753498
28753452
28750581
28750547
28748333
28746872
28743991
28742076
28738196
28735298
28730825
28729328
28728761
28726807
28724519
28724436
28721826
28720891
28720619
28719232
28719227
28719137
28715464
28714100
28713324
28713243
28710532
28710305
28708303
28707360
28705655
28700807
28697590
28695822
28691500
28690993
28690686
28690570
28690234
28689330
28688003
28687526
28687524
28687074
28685837
28683578
28678216
28676566
28675955
28675557
28674175
28671696
28670619
28666391
28663780
28660769
28660352
28652410
28649315
28649312
28649286
28649191
28647015
28647014
28647010
28635441
28634468
28632163
28626596
28626029
28626003
28625946
28623167
28622159
28617938
28617074
28616097
28613040
28608733
28607173
28607167
28607094
28605393
28604149
28596820
28595657
28589495
28588858
28588452
28588433
28588275
28586511
28576939
28575650
28574232
28573975
28573701
28572606
28572274
28566195
28560761
28556766
28552599
28548707
28548002
28545754
28545673
28544736
28541279
28536506
28533625
28528670
28527575
28526761
28520841
28508319
28506748
28506347
28505103
28504725
28504703
28503625
28503605
28502704
28501829
28500650
28499489
28496999
28493636
28492577
28490640
28486223
28485850
28483756
28480548
28475355
28474493
28472301
28469556
28465421
28463240
28462588
28457992
28455770
28455388
28452083
28451631
28448442
28447268
28447214
28444476
28439889
28435649
28434495
28433791
28428202
28425373
28425213
28424947
28422625
28422133
28422132
28420439
28416808
28416631
28416445
28413441
28412919
28411148
28411125
28410256
28407444
28407363
28405185
28401739
28400977
28399932
28394464
28392909
28387067
28386848
28384392
28383150
28381988
28379373
28378778
28378413
28378271
28377535
28376926
28375211
28374599
28373848
28373809
28371232
28370311
28370141
28368363
28366741
28364455
28358133
28357200
28356742
28352055
28351374
28349640
29870614
29870612
28346892
28346865
28346760
28343847
28334947
28334053
28332277
28329674
28326016
28325891
28323226
28322282
28316753
28303420
28301083
28300915
28299159
28296430
28296079
28295826
28295210
28292222
28292045
28289594
28288114
28285739
28285251
28284480
28284392
28284390
28283846
28283807
28283256
28270747
28270230
28265795
28265243
28264988
28264474
28261072
28261056
28260505
28259930
28257692
28257242
28256695
28256379
28256214
28255957
28254236
28251352
28249166
28242872
28235805
28234597
28232951
28232784
28230711
28229395
28228533
28225946
28224041
28223318
28220357
28218493
28218269
28215110
28211668
28211972
28211645
28204507
28192112
28191890
28191889
28190301
28188687
28184409
28183735
28180026
28179817
28173181
28173130
28167642
28167358
28163670
28161297
28160224
28144878
28143732
27336128
28141738
28141706
28140403
28139724
28139198
28137726
28132123
28124119
28124115
28122290
28120264
28118382
28114601
28110116
28104412
28102566
28098162
28094463
28089135
28088536
28081749
28078312
28075089
28074354
28070781
28068486
28065824
28064060
28057753
28057268
28056629
28053551
28051218
28051072
28045139
28042670
28036350
28030375
28025777
28025400
28025399
28012946
28009282
28008202
28004629
27999683
27998263
27995975
27993705
27988864
27984339
27984183
27983615
27980747
27980692
27980676
27977700
27975050
27957526
27956748
27941670
27939561
27932026
27929632
27919067
27917314
27916527
27904820
27902989
27900361
27899710
27899267
27905812
29563763
27894440
27894357
27894273
27893495
27891365
27890788
27889489
27888271
27885946
27884885
27881780
27880953
27878741
27878739
27878658
27875746
27875247
27873140
27872899
27871640
27866083
27865707
27865048
27863250
27862512
27862506
27862088
27861843
27861783
27860117
27859447
27855486
27853923
27848077
27848051
27847193
27843043
27842975
27842974
27842183
27841033
27838208
27838187
27836684
27834131
27830729
27826649
27825584
27822498
27822311
27819284
27818011
27816931
27815691
27130838
27779093
27651234
27443172
26933939
27802105
27802104
27802102
27801721
27799862
27799474
27799067
27798109
27797585
27797139
27796743
27694991
26986877
26963284
26525923
27789404
27640358
27597551
27146843
27785587
27785454
27664080
27778469
27777633
27544825
27767173
27573857
27511194
27506644
27717669
27754417
27752862
27751425
27604541
27748060
27739580
27738853
27735078
27734228
27732918
27730729
27726054
27725927
27715368
27713816
27712703
27709604
27703770
27701470
27698899
27697313
27696642
27696186
27686079
27685800
27683934
27680584
27677466
27676698
27672538
27672537
27668670
27663742
27658510
27656021
27654240
27651829
27650969
27649816
27648915
27643955
27643697
27638450
27637874
27629719
27626659
27626064
27621318
27617567
27617154
27617127
27616480
27615053
27610351
27610074
27607483
27606248
27606025
27605097
27601910
27594610
27592850
27592227
27585265
27582690
27577546
27577220
29369566
27573877
27570713
27568816
27568567
27567276
27566550
27562638
27558812
27557899
27556113
27554343
27550844
27548864
27548254
27545675
27543366
27542395
27541164
27534322
27531620
27527252
27519580
27516809
27516006
27503703
27503008
27500877
27498241
27497442
27497373
27494442
27492816
27492494
27485117
27483382
27479934
27478051
30193055
29443126
27473432
27468247
27465318
27462983
27462212
27462156
27459725
27458342
27452446
27452425
27448186
27445731
27445671
27443356
27441815
27441201
27440229
27440144
27436265
27428481
27423627
27422057
27421841
27421662
27414076
27409810
27410714
27409573
27409070
27405445
27401993
27399968
27388569
27387553
27385966
27384537
27383641
27383586
27380831
27367567
27366956
27366523
27365114
27364744
27364513
27364254
27358653
30010307
27355815
27355575
27355445
27355274
27354901
27354858
27351700
27350381
27350105
27349580
27348856
27345143
27343887
27340022
27338032
27335463
27334385
27333343
27330989
27330338
27328325
27327493
27325702
27320508
27318612
27312842
27310347
27308687
27306638
27306624
27294193
27291698
27289453
27287737
27282476
27282463
27282419
27279387
27276996
27273269
27273096
27272115
27265443
27264855
27264355
27263494
27263037
27262167
27260404
27259464
27242597
27242398
27242167
27241347
27240531
27238888
27238064
27230761
27228116
27227936
27226234
27220741
27220677
27217154
27216612
27208924
27207092
27195816
27192951
27185611
27184741
27184676
27184301
27183961
27179713
27179194
27173384
27158857
27158271
27158270
27157446
27156921
27153982
27152965
27149520
27148574
27147965
27146976
27145529
27137935
27133369
27131617
27131348
28936232
27127621
27126521
27126308
27123481
27120992
27120987
27120983
27120077
27119313
27118998
27117326
27113433
27113213
27106595
27106569
27103432
27102723
27102310
27097862
27096572
27090306
27089882
27087320
27085382
27080430
27075689
27075501
27075013
27073035
27072107
27068282
27066468
27064498
27061120
27059171
27056292
27054228
27053961
27050897
27050514
27048961
27048272
27047540
27037488
27036065
27031587
27028105
27027666
27021819
27018463
27017024
27015098
27014996
27014338
27010919
27009247
27008623
27007844
27004675
27003928
27001315
27000257
26997941
26996174
26989064
26987321
26986697
26985359
26984561
26979855
26979098
26977936
26969413
26969302
26965387
26961422
26961251
26955005
26949155
26942703
26942287
26937381
26936858
26933844
26933487
26929363
26925472
26922962
26922957
26922954
26920691
26918155
26914464
26912996
26909962
26908679
26903789
26900403
26898116
26888925
26887912
26876011
26875466
26871463
26868276
26868186
26864773
26861717
26860718
26858593
26856821
26852279
26851502
26850918
26849906
26848267
26845701
28933389
26845707
26844269
26843215
26843181
26842699
26839720
26837188
26837187
26834651
26834018
26833951
26829109
26827266
28463119
26826102
26825346
26820632
26819769
26819560
26818535
26817790
26814152
26810436
26809155
26808425
26803493
26797939
26794591
26793898
26791195
26789910
26788536
26782176
26777411
26773682
26773288
26772998
26772991
26764154
26763879
26759449
26754479
26754451
28933382
26753090
26752506
26750620
26749307
26748412
26742926
26740651
26740553
26740508
26739615
26735321
26733529
26731442
26724269
26723568
26719768
26718530
26717644
30620507
30226965
29446898
28981220
28503406
26717414
26715660
26712713
26709905
26706598
26706480
26706013
26702437
26697163
26694480
26693400
26693177
26692054
26685108
26682992
26678865
26677511
26677509
26670047
26667695
26664444
26663181
26658876
26658871
26657971
28503599
26647869
26647175
20301775
26640765
26640241
26635701
26632847
26632628
26631472
26631470
26631248
26630619
26629640
26627310
26627261
26627235
26620927
26620891
26619901
26619372
26615383
26614670
26612855
26610320
26605526
26605036
26602135
26602134
26601658
26598469
26597416
26586374
26582006
26579706
26578866
26576547
26576034
26573769
26572867
26572659
26572658
26572653
26567095
26565673
26564076
26564073
26559723
26558778
26557975
26557931
26557583
26557170
26555645
21348049
26554012
26551885
26547543
26547130
26546379
26545880
26545289
26542451
26542245
26542094
26541977
26541950
26540408
26537360
26529358
26528485
26528457
26528127
26525567
26525453
26516618
26515467
26511255
26510739
26505176
26504494
26502893
26500751
26500715
26497075
26489495
26486964
26481387
26479062
26478745
26476485
26475977
26474368
26473616
26465194
26463344
26456166
26455667
26449367
26446216
26441497
26440549
26439481
26438105
26431806
26424889
26423430
26421989
26421275
26419955
26419729
26419218
26413471
26412966
26411965
26411517
26411272
26402605
26401611
26395558
26393489
26392218
26391946
26390904
26388712
26385796
26380947
26376503
26374839
26374786
26373768
26372002
26369785
26366961
26365382
26365141
26365034
26364591
26361965
26361565
26358559
26358485
26353448
26350728
26350240
26349921
26349920
26344719
26341150
26340956
26338675
26337422
26336379
26336201
26334118
26333717
26330451
26327614
26322388
26322075
26316869
26316868
26308619
26308557
26307763
26307204
26306707
26306459
26303410
26298628
26294013
26293670
26287660
26285164
26284979
26283919
26282180
26281226
26264232
26262844
26257835
26257138
26256564
26254894
26243784
26239769
26239490
26239053
26238956
26238514
26237770
26237041
26235986
26231830
26227573
26224859
26223959
26223787
26217183
26216321
26216298
26215737
26206688
26206493
26206232
26198689
21290787
26196440
26194133
26191422
26190969
26189583
26186174
26183392
26183337
26181491
26174448
26174048
26173895
26169375
26167220
26166728
26166453
26164757
26162628
26161467
26160100
26153901
26158183
26151440
26150348
26149844
26149656
26146472
26142070
26142065
26140652
26139234
26129999
26129805
26123493
26114472
26112580
26112160
26111537
26110312
26110222
26110020
26107853
26106604
26105700
26104215
26103532
26100104
26098633
26095975
26094033
26091860
26084711
26082802
26077850
26077685
26077434
26076356
26074864
26060869
26059997
26059542
26056560
26055424
26052001
26051878
26050032
26048982
26048041
26047724
26045941
26043845
26043730
26039849
26037482
26037367
26036648
26030700
26030206
26026973
27617120
27606203
26026154
26022167
26022075
26018199
26012578
26011120
26011086
26010935
26010655
26005841
25997597
25989227
25988237
25986747
25986746
25986201
25984535
25979787
25979171
25972784
25971862
25971441
25969602
25969379
25963613
25959524
25959391
25957927
25956630
25954173
25950944
25950453
25947967
25946043
25944453
25938985
25938708
25937458
25928435
25928433
25923140
25921602
25920745
25920557
25918374
25916173
25914221
25904555
25904008
25903581
25902260
25901706
25900322
25900226
25898924
25897873
25897255
25895913
25894671
25891008
25888348
25882788
25882707
25871891
25866352
25864830
25860449
25859182
25853299
25853262
25853081
25852443
25849321
25849048
25848996
25847750
25847431
25846705
25846674
25846131
25844670
25844398
25844147
25841296
25840938
25839329
25835210
25820841
25820638
25818528
25817702
25812936
30363532
25809302
25807999
25806797
25804740
25803912
25802558
25800799
25792540
25790165
25789151
25788855
25786798
25784856
25784538
25782667
25776271
25772598
25772536
25772213
25767546
25767435
25767309
25766676
25759189
25758822
25758820
25755852
25748977
25742516
25742515
25742038
25741949
25741243
25739693
25737343
25737019
25735484
25735478
25733663
25729393
25729352
25728630
25726360
25725507
28123791
27282721
27282720
25723912
25722228
25721336
25714563
25712757
25707398
25703582
25703031
25697737
25691408
25690317
25689425
25685640
25681405
25679778
25679448
25678630
25677560
25674387
25673293
25672900
25668517
25667815
25666435
25664599
25663625
25663600
25661985
25660133
25659043
25657824
25656456
25655306
25653305
25650952
25646853
25641759
25640066
25636686
25626716
25620733
25614873
25613368
25613094
25609613
25609168
25606385
25606363
25606362
25606055
25602250
25600794
25599987
25592157
25584292
25581557
25581360
25578949
25575287
25573720
25571999
25568131
25567374
25567095
25565017
25562659
25559338
25558586
25556791
25553845
27604337
27493417
27335989
25543996
25541421
25535971
25533347
25529303
25529181
25528591
25524783
25524571
25519238
25502226
25500855
25499469
25498981
25496903
25496798
25493922
25488002
25487625
25481476
25477900
25477785
25475364
25472632
25466251
25462507
25461225
25461216
25460221
25458185
25457511
25453621
25452672
25452430
25450230
25449033
25446754
25446451
25445476
25445412
25444163
25444158
25440829
25439857
25439161
25439061
25433405
25433099
25432637
25432429
25429717
25429643
25425123
25424714
25421404
25416280
25415494
25413215
25410361
25410255
25404897
25400900
25400206
25399237
25395094
25394356
25387661
25386989
25385368
25383903
25379816
25379732
25378553
25378250
25374355
25371388
25367099
25363768
25360157
25354122
25351249
25350348
25348604
25340443
25339188
25333781
25329715
25326701
25326258
25326002
25324781
25316788
25315683
25314797
25314796
25312764
25312691
25312502
25311587
25311365
25309341
25309320
25305082
25304924
25303867
25300138
25299761
25299635
25297645
25287458
25285154
25284784
25284323
25280596
25271084
25266127
25265891
25261249
25259928
25258535
25258334
25258194
25257502
25255310
25254647
25254170
25253610
25253177
25252670
25250687
25247730
25241497
25241010
25240124
25239176
25238636
25237665
25232855
25232683
25232349
25232301
25230004
25229213
25228304
25227249
25225307
25224527
25221471
25218900
25217958
25210733
25202162
25200985
25200584
25198012
25195934
25193686
25193243
25193140
25192860
25192512
25192504
25189327
25188300
25187894
25184530
25178989
25178706
25171808
25170347
25169878
25169777
25169753
25168779
25167861
25165580
25165441
25164537
25164438
25162782
25160545
25155242
25154225
25153086
25151605
25149957
25149956
25148907
25145661
25136377
25134878
25131622
25131214
25128387
25126106
25125379
25124326
25123480
25120433
25117583
25110527
25109237
25104578
25103177
25102098
25086736
25085995
25085838
25084013
25081594
25080404
25079904
25079250
25077833
25077648
25074461
25072037
25070471
25070470
25066123
25061773
25058499
25055869
25050139
25048198
25044251
25038126
25036315
25035088
25028718
25022250
25016041
25013385
25011527
25008163
25002837
24999319
24996170
24992447
24991439
24985752
24983520
24981828
24980697
24975622
24973545
24969994
24969119
24968009
24965264
24963073
24962056
24960393
24958588
24958436
24954005
24952371
24946681
24942707
24925543
24924417
24920862
24917535
24915028
24913778
24911948
24911659
24906019
24904279
24899006
24893065
24891046
24889646
24887447
24885232
24881008
24876161
24875778
24874815
24874331
24874100
24870235
24870134
24866042
24865586
24864167
24861272
24855785
24848467
24848443
24839870
24839052
24836831
24834135
24832020
24831882
24829905
24822087
24817631
24816942
24815074
24814569
24814517
24814475
24811917
24803367
24795561
24794859
24794428
24793634
24790192
24779649
24778766
24777129
24776741
24776740
24773517
24773431
24771286
24769371
24769289
24768643
24768552
24768169
24767651
24761747
24755230
24754401
24748914
24740489
24737869
24736120
24733999
24732041
24725109
24718998
24717046
24715853
24715682
24715257
24713347
24709068
24707176
24701616
24701200
24698169
24692263
24690944
24689080
24688456
24687049
24686468
24685665
24684608
24681195
24680889
24678582
24676483
24672476
24672426
24670961
24664669
24660879
24656808
24656807
24656292
24654675
24652766
24651380
24651065
24648391
24648324
24647940
24646437
24643768
24640281
24633560
24633176
24630612
24629541
24628990
24625521
24625444
24622158
24621408
24619977
24618187
24614762
24605182
24605088
24599401
24594579
24592210
24591428
24589346
24587054
24584528
24580998
24579881
26078635
24574959
24571823
24571806
24571439
24570656
24561156
24561070
24553796
24550786
24550781
24550778
24548786
24548784
24531329
24527213
24521633
24518745
24512506
24508819
24508361
24505460
24504623
24503856
24502430
24501278
24498606
24497845
24493647
24492811
24491508
24489482
24486700
24486221
24473445
24472258
24468242
24463622
24463508
24463507
24462936
24461379
24459036
24458799
24458433
24452535
24452504
24450394
24450318
24448645
24448548
24442360
24432860
24432856
24424684
24424424
24423648
24417452
24415997
24412860
24411889
24410847
24408971
24408886
24405940
24403144
24402994
24397316
24397279
24391850
24387789
24381759
24380676
24379137
26942102
26491488
25784960
24368850
24365570
24358030
24358029
24357335
24354947
24354721
24353274
24351492
24350200
24348128
24346312
24342713
24339137
24338128
24336718
24333577
24332781
24328887
24328834
24324882
24324410
24321869
24320663
24318628
24313878
24312498
24312033
24312011
24311450
24311194
24309254
24303038
24301647
24300809
24300712
24295159
24290388
24289166
24282185
24278775
24276113
24269731
24269230
24268986
24268530
24267887
24266778
24266398
24265791
24252310
24243641
24243098
24240943
24240941
24239951
24237479
24234289
24232444
24231172
24231171
24231170
24231166
24231165
24231163
24220582
24217029
24214594
24214349
24211452
24211451
24210356
24207117
24198778
24198768
24188901
24180586
24179822
24177034
24173622
24172694
24171827
24169519
24167470
24167408
24165273
24164323
24155138
24153056
24144841
24143074
24142862
24141422
24140580
24139715
24138215
24138188
24136870
24135485
24133262
24132240
24127788
24127166
24124133
24124131
24123946
24122446
24117446
24116704
24115651
24113341
24113340
24104512
24100940
24095776
24094099
24094081
24090639
24089385
24086423
24084968
24084945
24080904
24079538
24077551
24076603
24071793
24066979
24066092
24065579
24064682
24062639
24061777
24058305
24055712
24053112
24050404
24046358
24042171
24042079
24041505
24040973
24040966
24039873
24039228
24036677
24033239
24031089
24029798
24026277
24024553
24021391
24020633
24020517
24012587
24011743
24008143
24003069
24002902
24002416
24002415
24001150
23999195
23991491
23981537
23973243
23972695
23966835
23956174
23944119
23943274
23937368
23934111
23931579
23929939
23925971
23919538
23918416
23917947
23917946
23912945
23911285
23909620
23907982
23898259
23897824
23897149
23893954
23892008
23890587
23889838
23879660
23872941
23872408
23867813
23867198
23861807
23861094
23860047
23849776
23849396
23848399
23847518
23840597
23836664
23831253
23830515
23825006
23824000
23821644
23821091
23818987
23816626
23813562
23812052
23803181
23801940
23798500
23796901
23788511
23785489
23785156
23781715
23781271
23778581
23769996
23758813
23758760
23756441
23755170
23753225
23751888
23751293
23747942
23747938
23747611
23744272
23740941
23739967
23738223
23737994
23737708
23735056
23731516
23731025
23729618
23728914
23727450
23727436
23726375
23723551
23723176
23719910
23714751
23714430
23711981
23711909
23706040
23703963
23698595
23696872
23695997
23695283
23692251
23692250
23691114
23689535
23687350
23686817
23682248
23681789
23675326
23672829
23666520
23666287
23666039
23666037
23664828
23664616
23664552
23660422
23660195
23650212
23643768
23642365
23640545
23638902
23638000
23637818
23637652
23633430
23632792
23627678
26304208
23622406
23622217
23622185
23622183
23622180
23622174
23619132
23616359
23615687
23615299
23613341
23613074
23608559
23604083
23603061
23596459
23582872
23578905
23574039
23555275
23548045
23545793
23542787
23537858
23536263
23535253
23533028
23523717
23517654
23516405
23515147
23509247
23508710
23507000
23506278
23503716
23495136
23495017
23494922
23494856
23494747
23493959
23485365
23475934
23475013
23471985
23468869
23468070
23466253
23458504
23456562
23454270
23449747
23449174
23449087
23448099
23446718
27625836
23443968
20301696
23440961
23439483
23432715
23431145
23429547
23427775
23423245
23422942
23422574
23422527
23420086
23417625
23417139
23415480
23406870
23406740
23404041
23402354
23400943
23400643
23400237
23400004
23397166
23396985
23393158
23393157
23390136
23378012
23375656
25632275
25436561
20301337
23359422
23356915
23356593
23352156
23351174
23350639
23349641
23337946
22374772
23335808
23334464
23332918
23327738
23324214
23320573
23320543
23318929
23311723
23311691
23308096
23303939
23301900
23301899
23292161
23288049
23280278
23280234
23278147
23274119
23272938
27186135
25408897
23267775
23263886
23260606
23260144
23257237
23256856
23254916
23254376
23253743
23250796
23249659
23248692
23245550
23237021
23235829
23234784
23234539
23228230
23225704
23224594
23224513
23223307
23223062
23208842
23205844
23201551
23200615
23200611
23200289
23195952
23194030
23184456
23184435
23179345
23179343
23169763
23169761
23166010
23162442
23161826
23159330
23148316
23143521
23141534
23139831
23132830
23124040
23122323
23117893
23112752
23092983
23091569
23087240
23083736
23080208
23073310
23072950
23071871
23070680
23070112
23065719
23056384
23055291
23055267
23054204
23052135
23049074
23042784
23042585
23035971
23032108
23026171
23019495
23018698
23015788
23015112
23011134
23008058
22998594
22998484
22993295
22980357
22975208
22974167
22970919
22958042
22965764
22965300
22964437
22961543
22958593
22956686
22944257
22940168
22940165
22934085
22928858
22925831
22922712
22917127
22914838
22911770
22909152
22903700
22900020
22895726
22890305
22883468
22876571
22875726
22874529
22873574
22872700
22872102
22866933
22865697
22848613
22842191
22840550
22840545
22836733
22833108
22832856
22832772
22829245
22828807
22826515
22825934
22817866
22817714
22813947
22809074
22806213
22805709
22798050
22790429
22790427
22789633
22787637
22787634
22786613
22775350
22773736
22767137
22765916
22753018
22752552
22752149
22744151
22744141
22740374
22738402
22738016
22736078
20301670
20301487
22730147
22728603
22724001
22723984
22722545
22719977
22712893
22711729
22702362
22701439
22701322
22699620
22696195
22686481
22685676
22683514
22676294
22670919
22670143
22658692
27625811
27625807
22643602
22642847
22641815
22641181
22635134
22632621
22626986
22619737
22617343
22615862
22615713
22610470
22609145
22605633
22605628
22595375
22585766
22582855
22582326
22580383
22579290
22578079
22576075
22572802
22570549
22567115
22567102
22566537
22563693
22563691
22560338
22555367
22555366
22555022
22554810
22550089
22547529
22546060
22546059
22544774
22543972
22542183
22539853
22536173
22533693
20301558
22525953
22523559
22522693
22522469
22521893
22520346
22515825
22513101
22512525
22511918
22509165
22506216
22504536
22504056
22503632
22502836
22499558
22499552
22499541
22498705
22496309
22494796
22492990
22490014
22489039
22489037
22489036
22488896
22488257
22483378
22483044
22480366
22474230
22466603
22463729
25309010
22456818
22450965
22449032
22435671
22431251
22409856
22409601
22409485
22406156
22405502
22404122
22401670
22392110
22384253
22382494
22381732
22381719
22381386
22378669
22371146
22369675
22369279
22365152
22361832
22361019
22356326
22351889
22351071
22351050
22350990
22350455
22350453
22350047
22348343
22342432
22342099
22337556
22328088
22327361
22323074
22316223
22314765
22314319
22310506
22307614
22300875
22292930
22292906
22284792
22284790
22271844
22271699
22271695
22268788
22267161
22265702
22261432
22258914
22245067
22241931
22234155
22228009
22228006
22224633
22222775
22220492
22218019
25580078
25057433
22207187
22201923
22190902
22187108
22173844
22169095
22157409
22152436
22146932
22142783
22141191
22130109
24132068
22123427
22119694
22119687
22118685
22114996
22113615
22110612
22106044
22106001
22105141
22102821
22101998
22100351
22093662
22093425
22087250
22085975
22080836
22079437
22067669
22060139
22056632
22053151
22051160
22050706
22046307
22043169
22039585
22036491
23362033
22031302
22025691
22022567
22021912
22017584
22009360
22009349
22003227
22001913
21998649
21994763
21993552
21988366
21985995
21981781
21980823
21978945
21976507
21975037
21973040
21972278
21972125
21972117
21970828
21970827
21969550
21962519
21962503
21960672
21955252
21955111
21954217
21952353
21949518
21941613
21941399
21940441
21934270
21931978
21928042
21926414
21926154
21910631
21907282
21906962
21905826
21905805
21905245
21901840
21895634
21893949
21893938
21889773
21885987
21884523
21883598
21878565
21877903
21876820
21873119
21863344
21863205
21856714
21854229
21850710
21850686
21846667
21844811
21842222
21841781
21840719
21831244
21827901
21827857
21827697
21824745
21824431
21818320
21818083
21810230
21810015
21806693
21804851
21801261
21801163
21797771
21796429
21795692
21795626
21795546
21792059
21790824
21784246
21783174
23459194
21772813
21767312
21764293
21760924
21760817
21750575
21742469
21740256
21722408
21721977
21720724
21716121
21711233
21710136
21708316
21707460
21703820
21701991
21700417
21697194
21696917
21694734
21690082
21689796
21684097
21681106
21681105
21679971
21671922
21671049
21670426
21669931
21668120
21658904
21658583
21648356
21646280
21645988
21640553
21629438
21629148
21626699
21626680
21624480
21620773
21617890
21614007
21610191
21606927
21606152
21596554
21596027
21594999
21592359
21584848
21576401
21570809
21568252
21567907
21563169
21559374
21558631
21558424
21558103
21554467
21548960
21544992
21543421
21542059
21540130
21516264
21515197
21492292
21490592
21482951
21480499
21479223
21478165
21475730
21471551
21465664
21458570
21453447
21447202
21443820
21442532
21442360
21441262
21441247
21438136
21435961
21427756
21424692
21424677
21421903
21419848
21419380
21418194
21418059
21410473
21404421
21401819
21388746
21384559
21377246
21375639
21371014
21364941
21360829
21359057
21357874
21339247
21338594
21333037
21328568
21327174
21326652
21318642
21310667
21308988
21303513
21302351
21302349
21301339
21057429
21293311
21293294
21293268
21289537
21285894
21285140
21283809
21277192
21273041
21272389
21269887
21269797
21269290
21268289
21265943
21264219
21259039
21254448
21251267
21250764
21214535
21239140
21237447
21236316
21235769
21231817
21220213
21220020
21219265
21211941
21210335
21207076
21206513
21204822
21199048
21195740
28163818
24013401
23616721
22937249
22833210
21188313
21187785
21184158
21173574
21162125
21152085
21150621
21145272
21144702
21144701
21129364
21129068
21124998
21122785
21122783
21119851
21117839
21115101
21108954
21108678
21107340
21103708
21093728
21091701
21091464
21090964
21082657
21082495
21068064
21062901
21055902
21045242
21041596
21040056
21031169
20981777
20981774
20981770
20981762
20977515
20970697
20969982
20955932
20955926
20952157
20950788
20949366
20948821
20945999
20943912
20937652
20937127
20934920
20927644
20923894
20923578
20922154
20889590
20888040
20887784
20882401
20880122
22532893
20877431
20875040
20874700
20859452
20859177
20858261
20858229
20857275
20850602
20844308
20844286
20843831
20832509
20832285
20830797
20828327
20804589
20826075
20824459
20822869
20822471
20819403
20817577
20814257
20809278
20808231
20807775
20805019
20802310
20734417
20734317
20714405
20709508
20708360
20706547
20705896
20702565
20692808
20691552
20691407
20691406
20687900
20687497
20684015
20683928
20678247
20672496
20663013
20655678
20654825
20649912
20646681
20646051
20644478
20643385
20640591
20635369
20635215
20634960
20634716
20634582
20634041
20633201
20630541
20630017
20627451
20620025
20618639
20617496
20617495
20617101
20613623
20613532
20609299
20608276
20607640
20600866
20598853
20594786
20591959
20590291
20589913
20587603
20587423
23504540
20582871
20580321
20576064
20570072
20567604
20563296
20562645
20558021
20554253
20546095
20542395
20541594
20534828
20534533
20533527
20531469
20519966
20515333
20512354
20510557
20505669
20503337
20502679
20502490
20493745
20493660
20492856
20492348
20473310
20468056
20467546
20466091
20465026
20463240
20456271
20453580
20452996
20452741
20442204
20439799
20439717
20434996
20431046
23858577
20427753
20425835
20425828
20425814
20425298
20425225
20425036
20424547
20422834
20421931
20413855
20413294
20412115
20409697
20405642
20397747
20395924
20395263
20385628
20384430
20381588
20361245
22479668
20352250
20347579
20347529
20346615
20345955
20309832
20303363
20300527
20227628
20207609
20207104
20206472
20204241
20190967
20190638
20188650
20188512
20182784
20181440
20179003
20172507
20162628
20159451
20159109
20152887
20149593
20149551
20148499
20148114
20147539
20146692
20143147
20132918
20110824
20101695
20096586
20096387
20087181
20087180
20077796
20071534
20067608
19948611
20051523
20049533
20042370
21577334
21423514
21423512
21423490
20039205
20035514
20034102
20029829
20020400
20014373
20002455
20001214
19996900
19966931
19966786
19963289
19963032
19956934
19954927
19949531
19949524
19949204
19948250
19945533
19941156
19937237
19936904
19935738
19933764
19932467
19932134
19921286
19920853
19916019
19914906
19904210
19903827
19902344
19896929
19896907
19896112
19895225
19881941
19879129
19860886
19860597
19854027
19853501
19850849
19843651
19843319
19842198
19838782
19838324
19829902
19824895
19824216
19822023
19815373
19812022
19810826
19809531
19806445
19805824
19805709
19799873
19794347
19786961
19777331
19772671
19770079
19764451
19760650
19759062
19755429
19752160
19752159
19752158
19748374
19745659
19741133
19738924
19737795
19737794
19737793
19737792
19737791
19736351
19724010
21088714
21088710
19710912
19709852
19708861
19694899
19693463
19693328
19682044
19672229
19671209
19668708
19660672
19633941
19628325
19625284
19619200
19617637
19604668
19602887
19597979
19596053
19592580
19587801
19587282
19557186
19556253
19545994
19545860
19542823
19541755
19540717
19538216
19535814
19527315
19521722
19503690
19515234
19514725
19507506
19506092
19505790
19495951
19483640
21547713
19479197
19477115
19475765
19460069
19457155
19454962
19452292
19452268
19450950
19449418
19443537
19441126
19424065
19420259
19416313
19405474
19398354
19396834
19393386
19384887
19370667
19369391
19369386
19369101
19365831
19360679
19347237
19341504
19339915
19335564
21495359
19329560
19325170
19318992
19306953
19302947
19302770
19280573
19280571
19290494
19289393
19281802
19265751
19265183
19263189
19255803
19252481
19250992
19249392
19242035
19242029
19239079
19238151
19220592
19216451
19214804
19211207
19210491
19207298
19205900
19205862
19205860
19200606
19198918
19198037
19196676
19195716
19193898
19186208
19176577
19173683
19166269
19160128
19157349
19142767
19138667
19136953
19135624
19132523
19127658
19127654
19127311
19124699
19119429
21731584
21686962
21686693
21122738
20463852
20297638
19109909
19106426
19096215
19087102
19085879
19081216
19070990
19049604
19068339
19054269
19052029
19050728
19048730
19047565
19043547
19043149
21218116
19039692
19037716
19036865
19028388
19027588
19026763
19025200
19018765
19018235
19016890
19013755
19009353
19006654
19005032
18992374
18992070
18990708
18984147
18978390
18974885
18957214
18946535
18941024
18935725
18932225
18930144
18929053
18925931
18923513
18845054
18840415
18839299
18830393
18829439
18824195
18821008
18814864
18809441
18805830
18803965
18803960
18801879
18799476
18794346
18767018
18767016
18784809
18784272
18784092
18783863
18773074
18766162
18766157
18766147
18761245
18754916
18754697
18752062
18726156
18722007
18716736
18716609
18708003
18703161
18696223
18693081
18674645
18674403
18668039
18658079
18657176
18650683
18633976
18629877
18628683
18628363
18627794
18625665
18619069
18617013
18602868
18602026
18601949
18594960
18579676
18579647
18571628
18570292
18568033
18565783
18565495
18563474
18562247
18555174
18552703
18550696
18550038
18546904
18536702
18534798
18519485
18509488
18498374
18496206
18495876
18486442
18483842
18481271
18472032
18460934
18459375
18457856
18449635
18444987
18439879
18428203
18422681
18419839
18413322
18410188
18410169
18398441
18386807
18384537
18363003
18358452
18354150
18302129
18302128
18349709
18349135
18336941
18322702
18321984
18321864
18319196
18317271
18313850
18311512
18310844
18308763
18300165
18266098
18252227
21122718
19360647
19360646
18231125
18228241
18226865
18210857
18210005
18207372
18203756
18202092
18194880
18184952
18182647
18178595
18174559
18172891
18172748
18165273
18164240
19326737
19287141
19287137
18163035
18096972
18095536
18093521
18093519
18093025
18079313
18067135
18064551
18064549
18057860
18057320
18057082
18056691
18053767
18052527
18047599
20436765
18039240
18038343
18029412
18027081
18005360
17996402
17995486
17989066
17978184
17971495
17965627
17963433
17940551
17937897
17937430
17936687
17932962
17932239
17923388
17919128
17910077
17901113
17898000
17895972
17890408
17889735
17885895
17883863
17880640
17869556
17848915
17845236
17825809
17825633
17822346
17762590
17724287
17721696
17712983
17687639
17687333
17682930
17680249
17656399
17656396
17646082
17630015
17621639
17608327
22466627
17598871
17598418
17592139
17579670
17564832
17562589
17562585
17562578
17555525
17549617
17541469
17541064
17537169
17532260
17531541
17521630
17519220
17506093
17505877
17503474
17493024
17480035
17478576
17471803
17471795
17467940
17466072
17462645
17459177
17448454
17440802
17435464
17427195
17427193
17417940
17416819
17409246
17400790
17397768
17392644
17391250
17389127
17389126
17385170
17381792
17376973
17376623
17376139
17372817
17367287
17357070
17354557
17351489
17343276
17340199
17338446
17331881
17331656
17330859
17326813
17326118
17321709
17300990
17288276
17275283
17272605
17268883
17265606
17261988
17261678
17260041
17260027
17252887
17244266
17239046
17236343
17236127
17235429
17211639
17208423
17197085
17181389
17180459
17175571
17175570
17174709
17171659
17171540
17171455
17166860
17166801
17165147
17163520
17160461
17153831
17151799
17148960
17147840
17146700
17105469
17100948
17099850
17097142
17080774
17075419
17074338
17072746
17065071
17053989
17050401
17044103
17033930
17028374
17016678
17015233
17009926
17007227
17006777
17006776
17006775
17005099
17004118
17001527
16998604
16996749
16977497
16972882
16970852
16970515
16967644
16963482
16960762
16951989
16950524
16946189
16941429
16941227
16940977
16933304
16932856
16926617
16918148
16913963
16901289
16897401
16897383
16897382
16891996
16891339
16876883
16859833
16855878
16840925
16831632
16818174
16808981
16807526
16798729
16796825
16794786
16786916
16780633
16780632
16770618
16766480
16761297
16741325
16738187
16736030
16733480
16733293
16732341
16715207
16713332
16712641
16712634
16700053
16697299
16690229
16685187
16685180
16682401
16672647
16671842
16647848
16639106
16639104
16633887
16629931
16613900
16609825
16604294
16602035
16601898
16596465
16586155
16585296
16581226
16570526
16568354
16566871
16555225
16555221
16548370
16531736
16512358
16511373
16507034
16507031
16506134
16506128
16506124
16502210
16499766
16495445
16477514
16470742
16466803
16459994
16452357
16447792
16437058
16430730
16419094
16403678
16401249
16399702
16393164
16391450
16390300
16390003
20703420
16382052
16370317
16359592
16319564
16316486
16301550
16300636
16299874
16287477
16286931
16283086
16283083
16280635
16275846
16251272
16246635
16240413
16235322
16225828
16225449
16201992
16201716
16183798
16182562
16181614
16180515
16172809
16172701
16168883
16167094
16167093
16162125
16155853
16155570
16155059
16137857
16134035
16134031
16134027
16122905
16119476
16114042
16108984
16108983
16108982
16108456
16043789
16033163
16023554
16023301
16005604
16001817
28682446
15981129
15977646
15977316
15977314
15975763
15973639
15971642
15967618
15959659
15946331
15931894
15918153
15915739
15909408
15900222
15887000
15884475
15867978
15863612
15857861
15832609
15825133
15823993
15817054
15817049
15813671
15812118
15796130
15796127
15796122
15796118
15795695
15794725
15791919
15791137
15786492
15781839
15780135
15776994
15764492
15762826
15751273
15741352
15739723
15736086
15736078
15733271
28378171
15721740
15714840
15683193
15679191
15679190
15668079
15666954
15666336
15666333
15658788
15655077
15652870
15634323
15628930
15628610
15628605
15626843
15613987
15611982
15605469
15596750
15578581
15575417
15569287
15568966
15563020
15563018
15562827
15546155
15544126
15542389
15530174
15521981
15517821
15514415
15513734
15503196
15500027
15473168
15389769
15373377
15365891
15365890
15362171
15362170
15362169
15362168
15362166
15362162
15362161
15362160
15356639
15339262
15337474
15335345
15329353
15328558
15319018
15293633
15289247
15286229
15276670
15272893
15264502
15264496
15257669
15254095
15246293
15219872
15219739
15219735
15211711
15211631
15199382
15193671
15187810
15181786
15176594
26321883
15165668
15163088
15162934
15162932
15155057
15153741
15150271
15150161
15148861
15141347
15123015
15121991
15119476
15113435
15098962
15098961
15098960
15098954
15083703
15070547
15065049
15060229
15056315
15025671
15025669
15011148
15007160
15007135
15005897
15002313
15000256
14999811
14982237
14981523
14963808
14755453
14755444
14754936
14726747
14725841
14723653
14722918
14722658
14714931
14714929
14676869
14659996
14641810
14650560
14635258
14631200
14596577
14594332
14580133
14580127
14574799
14565049
14560872
14521185
12962535
12959499
12959427
12959425
12959423
12959422
12957488
12951131
12950112
12948796
12929762
12919191
12908838
12908837
12901707
12891656
12884441
12881619
12860370
12858991
12849396
12832221
12818773
12791330
12787164
12773696
12757365
12757361
12757357
12757356
12757350
12731640
12728122
12723875
12723868
12718723
12708581
12707946
12690777
12690562
12689694
12655491
12625991
12612235
12610651
12609356
12608733
12599105
12599104
12585822
12585724
12578917
12561058
12555243
12553596
12538797
12521358
12519463
12511838
12504590
12475362
12466966
12462353
12449265
12447794
12447790
12447786
12427166
12418794
12410080
12397902
12389191
12384770
12376946
12373656
12365852
12364957
12354311
12350043
12238024
12223079
12213612
12212921
12212917
12211417
12210319
12197782
12194505
12175885
12175865
12175852
12174964
12142936
12142935
12142931
12142067
12142061
12134270
12112734
12108623
12108622
12108621
12108618
12102135
12091786
12083281
12076999
12071787
12068370
12068363
12058839
12037687
12032595
12030690
12023313
12016589
12000583
11993954
11993952
11992488
11986981
11986509
11944876
11918107
11916334
11916332
11904337
11900748
11897827
11869385
11857581
11851859
11840515
11817503
11814269
11814268
11769274
11738856
11738853
11738835
11737541
11737534
11730149
11725514
11708586
11708530
11706865
11694957
11642476
11642473
11591847
11588711
11587873
11581466
11580163
11569588
11568925
11568882
11553936
11551610
11530449
11525418
11523431
11501895
11496368
11488363
11487301
11484298
11469282
11450823
11450822
11450821
11450820
11450815
11450814
11439758
11439749
11439747
11431227
11427137
11424990
11422649
11419999
11407266
11388783
11385482
11357950
11339385
11313510
11301218
11301211
11291011
11275459
11263692
11261469
11256675
22034445
11186124
11180223
11180218
11176865
11157797
11151486
11140779
11108513
11107195
11098890
11098889
11098883
11097965
11095040
11091361
11073540
11055461
11055459
11039864
11039857
11039854
11015547
10982971
10982494
10961787
10956571
10932124
10928021
10899806
10898381
10882750
10868777
10852851
10852843
10852830
10849218
10836679
10832777
10819120
10819119
10804703
10797424
10795850
10789321
10789276
10773914
10737989
10722958
10711654
10711646
10707480
10706359
10652748
10645734
10645654
10638462
10637856
10630351
10624084
10622362
10596264
10599796
10598057
10587885
10587882
10587881
10577264
10576489
10537636
10531825
10534239
10528306
10528241
10511014
10508514
10487068
10478733
10478728
10478727
10473304
10469763
10469784
10466870
10435209
10433405
10429013
10428432
10425658
10425586
10396778
10392602
10392594
10382140
10382135
10382133
10382131
10372899
10360298
10357170
10357161
10355813
10355264
10355257
10343323
10331703
10230193
10219710
10210246
10206527
10205841
10188701
10097998
10080966
10075096
10068053
10030445
10028886
10025132
9928644
9914635
9895210
9849110
9848013
9844983
9828069
9826299
9821451
9819883
9813776
9806479
9786440
9779282
9775956
9771784
9770255
9770251
9764021
9741676
9713182
9711485
9711483
9698058
9695665
9686116
9686115
9678696
9666633
9661967
9656537
9656134
9656133
9656132
9656131
9617697
9614477
9603617
9586780
9586778
9586774
9586771
9548635
9546328
9546305
9546304
9546301
9546300
9545776
9522491
9517902
9455194
9450763
9403928
9403375
9403372
9403369
9394941
9358013
9350820
9339063
9316261
9316258
9315980
21584097
9294311
9307927
9261670
9261666
9259269
9254854
9308986
9285441
9260440
9225680
9193744
9193390
9257091
9229266
9229261
9229258
9211194
9196924
9246258
9141143
9106540
9105971
9105967
9067002
9746685
9144699
9054804
9034011
9033466
9430949
9126513
9124275
9097830
9089464
9089463
9084124
9075017
9018584
9018581
9018578
9573713
9099268
9006657
8990053
9004297
9004113
8989562
8986847
9119934
8989717
9022228
8910878
8906455
8906452
8879465
8815856
8844091
8844082
8844076
8884583
8863096
8828341
8704883
9118347
8868842
8871944
8776793
8935889
8919700
8845770
8744481
8641536
8641535
8881982
8778935
8631517
8631516
8930061
8837904
8822025
8819773
8819768
8703225
8653760
27594721
9297444
8995838
8995829
8825884
8924321
8781638
8720028
8720027
8668429
8543539
8543537
8556628
8556618
8530762
8567599
8567596
8567595
8567593
8563227
8554863
8554661
8579226
8529293
7654128
7592249
7565148
24283631
8846206
7549298
7546638
7559297
7559294
7559291
7573755
7796250
7760730
7675588
7559289
7559286
7559283
7559282
7792411
7485235
7485230
7608034
7608033
10146014
16795881
9384911
8588518
7711345
7701091
7652471
7551962
7951807
7844098
7844094
7830210
7770124
7734521
7977358
7868641
7866679
7845337
7814314
7814313
7814312
7814311
7814308
7814307
7814306
7532859
8067493
7995843
7754455
7607368
7526410
8050626
8045561
7961337
7961335
7961330
7949788
7930053
7525533
8080903
7962246
7946254
8084272
8050990
8050989
8050988
8050987
8050984
8050983
8050981
8062410
8032339
8198840
8157157
8071957
8040162
8040161
8040159
8040158
8006366
7512516
8188801
8188574
8188572
8173225
8118547
27653117
8148122
7928794
7512108
8152382
8106304
8106301
8298839
8292320
8279804
29871440
8294649
8252286
7693796
7692619
8226587
8226583
8226581
8362388
8401988
8214437
8362927
29871432
19630639
8340438
8210603
8516670
8348206
8334323
8331057
8331050
8331049
8326050
8240748
8101184
8509496
8332824
29871452
29871450
8479331
8471011
8403027
8463373
8463204
8463197
8463196
8463193
8098541
7682457
8441353
8424359
21590529
21590528
8463065
8421239
8407687
8362020
8259320
8217893
8215221
8135113
8110411
1483981
1483977
1483973
1483972
1301047
1422617
1362095
1457624
1458002
1407582
1400697
1400103
1395641
1383190
1383188
1383187
1635812
1411750
1388415
1380929
1391280
1626656
1624406
1624404
1624403
1591575
1316288
1605228
1304557
1553720
1741210
1592766
1592764
1577897
1564042
1508762
1374419
1347940
1740949
1734747
1580745
19630613
1585026
1582967
1450987
1440747
1414352
1380370
1296222
1778959
1934632
1790515
1778963
1778961
1778343
1774369
1950971
1780408
1757434
1743424
1938783
1938782
1938781
1938778
1938777
1938773
1931169
1931165
1744201
1918430
1916024
1757979
1717328
1836322
1864832
1864831
1864830
1864828
1864827
1864825
1864476
2055888
2055873
2020536
2020535
1834992
21897466
2058395
2047332
2047331
2047327
2047324
2037552
2037550
2037547
2037546
1828067
2018060
2015333
2012917
1990832
1961840
1844561
2279973
2279971
2244638
2244637
2135638
2099781
2286663
2097475
2257987
2246342
2228914
2101592
2371101
2347821
2347820
2189867
2139583
2342095
2324051
2311829
2139025
2138102
2108956
2183207
2377378
2344005
2297426
2269556
2074240
1703621
2636309
2606887
2606886
2606881
2606880
2600185
2592469
2816996
2589094
2793788
2793785
2793784
2793783
2805123
2779742
2750975
2690919
2789860
2768360
2766196
2745397
2745388
2738009
2709831
2523504
2710015
2489259
2928277
2925572
2735859
2713159
2713154
2708304
2708302
2708298
2708295
2660769
2468645
2783539
2721535
2486118
3243672
3215889
3215882
3270834
3244539
3208000
3198577
3064974
3048227
3170460
3170454
3170452
2973726
3408765
3169393
3265136
3215918
3063716
3410815
3410809
3410808
3397316
3369974
2970453
3052070
3355880
3372462
3372458
3131299
2965890
3341467
3227282
3200505
3174896
3058787
2970102
2446813
3680157
3680155
3680154
3680153
3479423
3325649
2892825
3667955
3654491
3334020
3654497
2439566
3574511
3827686
3571142
3571141
3571139
3571135
3583581
3434726
3434725
2963502
3806010
3804961
3804958
3804956
3543889
3542957
3671832
3771807
3771682
3549681
3779317
2946351
3722396
3722121
3722119
3722118
3716967
3728069
2422217
3957858
3701848
2937773
2430129
2417773
3953654
3953653
3455802
3087208
3087173
4083849
4083061
4077813
4077812
2415323
4066265
4053737
4030664
2863252
4030294
3997744
3160621
4061764
4061763
4061760
4061759
4001292
3984810
3888060
3864386
6097576
6590782
6481032
6480550
6480546
6480545
6590572
6483113
6704637
6607262
6517575
6662844
6229524
6198318
6650213
6197677
6638958
6643373
6355189
6863213
6863209
6192153
6853441
6853438
6853437
6853436
6602125
6229120
7161241
7153373
6131061
6182806
6186031
7153203
7153201
7153199
7153198
7153196
6181686
7118336
7128306
7088875
7167166
7149707
7096833
6177132
7319142
7052816
7309878
6945608
7052809
6763610
6189815
7291416
7290858
6793995
6927702
6937455
6927697
6927696
6927695
6927694
6927692
6162440
6116276
7447762
6927744
6085953
7470767
6927662
6927659
7463549
7446565
7399485
6927685
7374933
6927679
6927677
6153331
7450988
6248442
521563
521432
118152
520021
489512
489510
156747
398187
394253
479099
88347
429602
571429
438116
438115
438110
312282
155685
155684
86533
104383
428036
419333
730667
730664
702254
701608
733708
690066
29030
681468
681466
656860
670129
670128
566750
353860
641003
640997
75685
599137
914908
578514
578512
562353
577495
577493
68952
404123
140632
576609
576608
576607
576606
576598
930504
593539
1087304
1036739
1036737
137226
1008311
1086851
1036493
941930
785162
989485
58560
946801
946800
1262237
129006
1243135
1243134
1238137
1174126
1174124
1174608
169919
1174123
1174115
1173582
47304
47157
1241857
1210931
1102030
4480313
4597904
4825826
4479850
4479843
4128755
4769165
4800389
4583796
4800388
4740585
4581281
4679294
4679292
4581613
5075753
4678765
4678763
5068668
4260148
4112488
4106539
5094360
5172534
5172531
5172391
5172438
5172437
4947755
4947754
5529674
5505825
4892153
5673226
4874978
4880461
5598405
14314456
14221699
14168058
14187568
14168484
14143327
14225132
14155666
14096404
14068078
14055893
14146324
13750138
13661214
